Normal: 27 21 38 43 3 3 0 41 24 24 
Sorted: 0 0 3 3 21 24 24 27 38 41 
Normal: 29 49 45 44 47 24 36 18 29 43 
Sorted: 18 24 29 29 36 43 44 45 47 49 
Normal: 14 7 2 21 41 19 11 0 29 48 
Sorted: 0 2 7 11 14 19 21 29 41 48 
Normal: 28 13 17 18 8 2 18 30 27 37 
Sorted: 2 8 13 17 18 18 27 28 30 37 
Normal: 30 11 26 40 49 36 28 38 9 8 
Sorted: 8 9 11 26 28 30 36 38 40 49 
Normal: 45 14 33 45 38 14 31 15 33 11 35 1 12 15 44 42 33 49 11 38 38 3 19 9 32 15 21 21 28 47 36 27 14 18 15 16 23 10 2 41 44 1 5 9 9 30 11 26 39 13 32 48 2 48 48 20 1 17 32 41 47 10 47 36 25 17 17 43 13 35 41 34 4 25 31 19 6 34 19 7 29 23 39 36 21 41 26 11 26 12 11 26 37 26 31 28 28 31 26 24 
Sorted: 1 1 1 2 2 3 4 5 6 7 9 9 9 10 10 11 11 11 11 11 12 12 13 13 14 14 14 15 15 15 15 16 17 17 17 18 19 19 19 20 21 21 21 23 23 24 25 25 26 26 26 26 26 26 27 28 28 28 29 30 31 31 31 31 32 32 32 33 33 33 34 34 35 35 36 36 36 37 38 38 38 39 39 41 41 41 41 42 43 44 44 45 45 47 47 47 48 48 48 49 
